0
0
39076
23561
0
0
40257
0
0
38333
0
0
45745
0
0
60110
0
0
88562
0
0
95702
0
0
126486
0
0
104700
0
0
141476
0
0
160079
0
0
190718
0
0
215263
0
0
200724
0
0
240883
0
0
220833
0
0
211245
0
0
238772
0
0
263443
0
0
251322
0
0
293149
0
0
396644
0
0
401927
0
0
333148
0
0
478353
0
0
428681
0
0
408763
0
0
471101
0
0
504181
0
0
430220
0
0
365864
0
0
424571
0
0
450732
0
0
536381
0
0
567942
0
0
425320
0
0
600237
0
0
676833
0
0
583402
0
0
618949
0
0
680298
0
0
692670
0
0
774046
0
0
633477
0
0
740449
0
0
1015113
0
0
637482
0
0
882221
0
0
651421
0
0
690176
0
0
959958
0
0
761453
0
0
759470
0
0
836671
0
0
815499
0
0
821626
0
0
593505
0
0
930753
0
0
848072
0
0
825192
0
0
890273
0
0
867364
0
0
1099204
0
0
696103
0
0
921019
0
0
776420
0
0
742083
0
0
1157899
0
0
1149263
0
0
1210882
0
0
1209297
0
0
1546987
0
0
992162
0
0
1396740
0
0
937194
0
0
1448512
0
0
1266160
0
0
952921
0
0
1603529
0
0
944921
0
0
1581179
0
0
1052970
0
0
968541
0
0
1185468
0
0
1364386
0
0
1432319
0
0
1073150
0
0
2587094
0
0
1312044
0
0
1180068
0
0
1753890
0
0
1287830
0
0
1674392
0
0
1929530
0
0
1485624
0
0
2196198
0
0
1351694
0
0
1226293
0
0
1603528
0
0
